version https://git-lfs.github.com/spec/v1
oid sha256:2ed0d21a310f29fed08b2019bda574e9c161cac284ca83a4e59c1788e3a16d1c
size 36268
