Timestamp,Message
24182,Using the fishing pole to confuse Ganondorf was awesome.  
28512,"https://youtu.be/hsR-dIXl1cQ

"
