Timestamp,Message
7104,Remember when everyone was freaking out over the DLC and how the game would be unfinished? 
