Timestamp,Message
21756,I Think he's left-handed in the gamecube/WiiU versions.
29097,Not in the Wii version
31514,"Yeah, so he's right-handed in the Wii version."
