Timestamp,Message
68437,There's riot in the downfall timeline. Adventures of Link had them as enemies.
68542,I remember reading that the goddesses morphed the zora into Rito so they wouldn't swim down and find Hyrule
102892,Did you beat it? They don't have a name in the game but are bird humanoid enemies in the great palace
103612,The rito design in botw seems closer to the fokka than the rito from WW. 
