Timestamp,Message
21818,"I don't tear up easily, yet I remember crying at TP's ending.

Really moving story and immersive game IMO."
