Timestamp,Message
540876,"I highly recommend **not** doing Master Mode on your first playthrough. Not only is it hard, but it’s hard in a different sort of way.. it’s more like you’ll run out of weapons and food rather than finding the combat difficult. "
540950,"You can turn them into elemental jellies by putting them in fire, electrifying them, or putting them in cold. These elemental jellies can be useful in combat or starting fires and other things. "
541025,Honestly weapon slots are really the only category you need to max. I never found the need for a ton of shields and bows since they always last me a long time. 
