Timestamp,Message
48907,Why even get hung up on age of consent laws for a made up character from a made up land?
49366,There are fish that add details to your map though. Maybe the villagers are just bad at fishing.
