version https://git-lfs.github.com/spec/v1
oid sha256:070a2f1a25c0475be030fe1f1a1b4174397cf88d63b945e8ebb61ab9c66195ee
size 32822
