version https://git-lfs.github.com/spec/v1
oid sha256:c5c976707a9b2b9ddf0afc9f63924b19478d8d04d0b1ba2723c787b4c73b1d33
size 23770
