version https://git-lfs.github.com/spec/v1
oid sha256:f05618c5df22e69ee9ba450f2d88d3817dbe404b5dcd1057734c10c62d194912
size 34399
