version https://git-lfs.github.com/spec/v1
oid sha256:133ee8ff0c34f1fb94b5db11ad79e0e1314539a395cebe874be5d5d7a3bb0a55
size 35620
