Timestamp,Message
22067,"After you defeat Gannon and reload a save when you continue, you should notice a star beside your save file.

If that is the case then open your map and look in the lower right hand corner. x.xx/100%

Hope this helps."
