Timestamp,Message
89837,Ice the guardian then use a shock weapon. Basically keeps them stunlocked 4 dayz. 
