Timestamp,Message
10547,I never even thought of using trees to get across a swamp until one of the Korok seeds pretty much make you do that. Have always Cryonis'd them...
44942,"Nah, it was one that requires you to carry a rock over."
