version https://git-lfs.github.com/spec/v1
oid sha256:9a73e8297172736f6c72918616be1041d43800f02c0d9c23d7de08c38caf81ff
size 580
