Timestamp,Message
82103,Maybe if your joke was actually funny we'd appreciate it.
82208,"Except when Nintendo isn't doing the industry standard. Then industry standard = good and Nintendo is far behind. :) 

As soon as Nintendo adopts successful industry standards while also giving us a good deal for the money industry standards are awful and no one can believe how Nintendo is doing this."
82943,"It's alright, I understand."
